0.11437,0.04985,0.01466,0.01466,0.14370,0.04399,0.01466,0.22874,0.00293,0.00293,0.02053,0.01760,0.00880,0.08798,0.09384,0.08798,0.04399,0.00880
0.08750,0.03750,0.01250,0.02500,0.15000,0.07500,0.00000,0.28750,0.00000,0.02500,0.00000,0.00000,0.01250,0.16250,0.02500,0.07500,0.02500,0.00000
0.08333,0.05556,0.00000,0.00000,0.08333,0.11111,0.02778,0.22222,0.00000,0.00000,0.00000,0.00000,0.11111,0.05556,0.05556,0.13889,0.05556,0.00000
0.12195,0.04878,0.00000,0.00000,0.09756,0.09756,0.02439,0.12195,0.00000,0.00000,0.02439,0.02439,0.07317,0.04878,0.09756,0.17073,0.04878,0.00000
0.15333,0.09333,0.05333,0.03333,0.22000,0.04667,0.00000,0.04667,0.00667,0.00667,0.05333,0.02667,0.00667,0.04000,0.12667,0.03333,0.04667,0.00667
0.05426,0.05426,0.02326,0.03488,0.15116,0.03488,0.00388,0.26357,0.00000,0.02326,0.01163,0.03101,0.04264,0.10465,0.02713,0.06977,0.05814,0.01163
0.10954,0.07067,0.02120,0.04417,0.09011,0.03357,0.00707,0.19788,0.00883,0.01060,0.05300,0.03357,0.02650,0.06184,0.05830,0.09187,0.06360,0.01767
0.27523,0.11009,0.00000,0.00000,0.02752,0.05505,0.00000,0.12844,0.00000,0.00917,0.00917,0.00000,0.00000,0.05505,0.11927,0.09174,0.09174,0.02752
0.08696,0.06522,0.00000,0.00000,0.13043,0.00000,0.00000,0.19565,0.00000,0.02174,0.02174,0.00000,0.02174,0.17391,0.08696,0.10870,0.08696,0.00000
0.07599,0.04255,0.02128,0.02432,0.11854,0.04863,0.00912,0.22188,0.00304,0.02736,0.01824,0.03951,0.04559,0.09726,0.03343,0.10030,0.05775,0.01520
0.05747,0.02299,0.00000,0.01149,0.17241,0.04023,0.00000,0.30460,0.00575,0.00000,0.01149,0.00000,0.04598,0.13218,0.04598,0.08046,0.04598,0.02299
0.13084,0.06542,0.00935,0.01869,0.12150,0.01869,0.00000,0.20561,0.00000,0.00000,0.00000,0.02804,0.02804,0.12150,0.06542,0.11215,0.06542,0.00935
0.10319,0.05253,0.02064,0.03752,0.13696,0.03377,0.01501,0.22889,0.00938,0.02064,0.01501,0.02814,0.02439,0.08818,0.05441,0.07505,0.04128,0.01501
0.07947,0.08609,0.02649,0.02649,0.17881,0.03311,0.00662,0.18543,0.00000,0.01987,0.00662,0.01987,0.03974,0.09934,0.07285,0.06623,0.04636,0.00662
0.06849,0.04110,0.00000,0.01370,0.15068,0.02740,0.00000,0.31507,0.01370,0.01370,0.00000,0.00000,0.01370,0.17808,0.04110,0.05479,0.06849,0.00000
0.10465,0.04264,0.03101,0.03876,0.11628,0.06977,0.00000,0.18605,0.00388,0.01550,0.02713,0.03488,0.02713,0.08140,0.05814,0.11240,0.03876,0.01163
0.00000,0.09091,0.04545,0.09091,0.22727,0.04545,0.00000,0.31818,0.00000,0.00000,0.00000,0.00000,0.00000,0.04545,0.09091,0.04545,0.00000,0.00000
0.04516,0.03871,0.03226,0.03871,0.16452,0.02581,0.00323,0.32258,0.00323,0.00645,0.00323,0.04839,0.02258,0.10968,0.01613,0.04516,0.06452,0.00968
0.08696,0.00000,0.00000,0.04348,0.30435,0.00000,0.00000,0.26087,0.00000,0.00000,0.00000,0.04348,0.00000,0.08696,0.04348,0.04348,0.04348,0.04348
0.22222,0.15556,0.02222,0.04444,0.04444,0.00000,0.00000,0.17778,0.00000,0.00000,0.00000,0.02222,0.00000,0.06667,0.06667,0.13333,0.04444,0.00000
0.11429,0.03810,0.03810,0.01905,0.11429,0.07619,0.00000,0.15238,0.00952,0.00952,0.18095,0.00952,0.00952,0.02857,0.04762,0.14286,0.00952,0.00000
0.23590,0.11795,0.00000,0.00000,0.17949,0.03077,0.00000,0.07692,0.00000,0.00513,0.02051,0.02051,0.00000,0.07179,0.09744,0.07692,0.05128,0.01538
0.08673,0.08673,0.04592,0.05102,0.15816,0.02551,0.00000,0.17347,0.00000,0.00510,0.00510,0.05102,0.02041,0.10714,0.08163,0.05102,0.04082,0.01020
0.06422,0.04587,0.00917,0.03670,0.14679,0.06422,0.00000,0.28440,0.00000,0.00000,0.00917,0.00917,0.01835,0.11927,0.02752,0.11009,0.04587,0.00917
0.12245,0.09524,0.03401,0.04762,0.17687,0.00680,0.00000,0.14286,0.00680,0.00680,0.01361,0.02041,0.00680,0.06803,0.10884,0.09524,0.04762,0.00000
0.12500,0.05357,0.00000,0.01786,0.05357,0.07143,0.00000,0.26786,0.00000,0.01786,0.01786,0.00000,0.01786,0.16071,0.03571,0.10714,0.05357,0.00000
0.15000,0.00000,0.00000,0.00000,0.05000,0.05000,0.00000,0.30000,0.00000,0.00000,0.05000,0.00000,0.00000,0.05000,0.10000,0.15000,0.10000,0.00000
0.15385,0.09402,0.00000,0.00000,0.03419,0.03419,0.00000,0.11111,0.00000,0.00855,0.11111,0.01709,0.00855,0.03419,0.16239,0.18803,0.03419,0.00855
0.04255,0.00000,0.02128,0.02128,0.12766,0.10638,0.00000,0.25532,0.00000,0.04255,0.00000,0.00000,0.04255,0.06383,0.02128,0.19149,0.04255,0.02128
0.13514,0.09459,0.01351,0.05405,0.17568,0.00000,0.00000,0.12162,0.01351,0.00000,0.00000,0.02703,0.01351,0.12162,0.10811,0.05405,0.05405,0.01351
0.05660,0.05660,0.00000,0.00000,0.09434,0.07547,0.05660,0.15094,0.00000,0.07547,0.00000,0.03774,0.11321,0.11321,0.05660,0.07547,0.03774,0.00000
0.15909,0.09091,0.00000,0.00000,0.09091,0.04545,0.00000,0.20455,0.00000,0.00000,0.02273,0.00000,0.02273,0.13636,0.13636,0.04545,0.04545,0.00000
0.18605,0.02326,0.00000,0.00000,0.00000,0.04651,0.00000,0.13953,0.00000,0.00000,0.06977,0.00000,0.09302,0.06977,0.09302,0.25581,0.02326,0.00000
0.03125,0.00000,0.00000,0.00000,0.06250,0.15625,0.00000,0.37500,0.00000,0.03125,0.00000,0.00000,0.06250,0.09375,0.00000,0.09375,0.09375,0.00000
0.22222,0.05556,0.00000,0.05556,0.05556,0.05556,0.00000,0.11111,0.00000,0.00000,0.00000,0.00000,0.05556,0.05556,0.00000,0.27778,0.05556,0.00000
0.10714,0.03571,0.00000,0.07143,0.10714,0.03571,0.00000,0.17857,0.00000,0.00000,0.10714,0.00000,0.10714,0.03571,0.03571,0.17857,0.00000,0.00000
0.30851,0.12766,0.00000,0.00000,0.02128,0.06383,0.00000,0.06383,0.00000,0.01064,0.02128,0.00000,0.01064,0.07447,0.10638,0.14894,0.04255,0.00000
0.10714,0.10714,0.05357,0.14286,0.15476,0.00000,0.00000,0.08929,0.01190,0.00595,0.04167,0.06548,0.01190,0.08333,0.02976,0.07143,0.01786,0.00595
0.06452,0.00000,0.00000,0.00000,0.16129,0.03226,0.00000,0.19355,0.00000,0.03226,0.03226,0.06452,0.06452,0.09677,0.06452,0.19355,0.00000,0.00000
0.00000,0.00000,0.00000,0.00000,0.29412,0.05882,0.00000,0.35294,0.00000,0.00000,0.00000,0.00000,0.05882,0.05882,0.00000,0.17647,0.00000,0.00000
0.10465,0.04651,0.02326,0.02326,0.16279,0.03488,0.00000,0.16279,0.00000,0.00000,0.00000,0.01163,0.02326,0.10465,0.09302,0.09302,0.11628,0.00000
0.12313,0.08582,0.03731,0.06343,0.13806,0.01119,0.00373,0.14552,0.01119,0.00000,0.01119,0.03731,0.01493,0.11194,0.07836,0.08955,0.02985,0.00746
0.10769,0.06462,0.04308,0.04308,0.16923,0.04308,0.00308,0.16615,0.00308,0.00308,0.00308,0.02769,0.02154,0.13538,0.04000,0.08000,0.03692,0.00923
0.12134,0.08368,0.02510,0.03766,0.11297,0.02510,0.00000,0.14226,0.00418,0.00418,0.03347,0.03766,0.02510,0.06276,0.12134,0.09205,0.07113,0.00000
0.09091,0.09091,0.04545,0.06061,0.21212,0.04545,0.00000,0.12121,0.01515,0.01515,0.00000,0.01515,0.00000,0.10606,0.07576,0.06061,0.04545,0.00000
0.11321,0.05660,0.00000,0.01887,0.03774,0.07547,0.00000,0.26415,0.00000,0.00000,0.00000,0.00000,0.05660,0.15094,0.05660,0.09434,0.07547,0.00000
0.00000,0.00000,0.00000,0.00000,0.11111,0.11111,0.00000,0.37037,0.00000,0.03704,0.03704,0.03704,0.11111,0.07407,0.03704,0.07407,0.00000,0.00000
0.06931,0.05941,0.00000,0.03960,0.08911,0.04950,0.00000,0.21782,0.01980,0.03960,0.01980,0.01980,0.04950,0.07921,0.05941,0.09901,0.07921,0.00990
0.01869,0.01869,0.03738,0.06542,0.21495,0.10280,0.00935,0.18692,0.00000,0.01869,0.02804,0.07477,0.02804,0.03738,0.04673,0.11215,0.00000,0.00000
0.00000,0.00000,0.00000,0.00000,0.09091,0.09091,0.04545,0.36364,0.00000,0.00000,0.09091,0.04545,0.04545,0.18182,0.00000,0.04545,0.00000,0.00000
0.17647,0.17647,0.00000,0.02941,0.05882,0.00000,0.00000,0.14706,0.00000,0.00000,0.00000,0.02941,0.00000,0.14706,0.08824,0.02941,0.08824,0.02941
0.06383,0.06383,0.03191,0.04255,0.09574,0.03191,0.00000,0.29787,0.00000,0.02128,0.00000,0.03191,0.04255,0.08511,0.05319,0.08511,0.05319,0.00000
0.22000,0.12000,0.00000,0.02000,0.06000,0.06000,0.00000,0.12000,0.00000,0.00000,0.00000,0.00000,0.00000,0.06000,0.12000,0.14000,0.08000,0.00000
0.16216,0.06306,0.01802,0.00901,0.05405,0.06306,0.00000,0.16216,0.00901,0.00901,0.01802,0.00000,0.06306,0.08108,0.09009,0.15315,0.04505,0.00000
0.27586,0.13793,0.00000,0.00000,0.00000,0.06897,0.00000,0.06897,0.00000,0.03448,0.00000,0.00000,0.00000,0.06897,0.10345,0.13793,0.10345,0.00000
0.16370,0.09253,0.04270,0.04270,0.14591,0.01779,0.00000,0.10320,0.00356,0.00356,0.03559,0.02135,0.01068,0.08541,0.09609,0.09253,0.03559,0.00712
0.14783,0.07826,0.01739,0.04348,0.17391,0.02609,0.00000,0.14783,0.00870,0.00000,0.00870,0.00870,0.00870,0.06957,0.08696,0.10435,0.06957,0.00000
0.08756,0.05069,0.01843,0.01382,0.18433,0.04147,0.02304,0.22581,0.00461,0.00461,0.00461,0.00461,0.02765,0.10599,0.06452,0.09677,0.03687,0.00461
0.10387,0.05810,0.00704,0.01761,0.11972,0.03345,0.00704,0.23944,0.00528,0.01585,0.03873,0.01761,0.02113,0.09155,0.05634,0.10211,0.04930,0.01585
0.10000,0.06389,0.00556,0.02778,0.11111,0.01944,0.00000,0.21389,0.00833,0.01944,0.03056,0.02500,0.04167,0.08611,0.07222,0.09722,0.06667,0.01111
0.14286,0.07143,0.00000,0.07143,0.07143,0.00000,0.00000,0.28571,0.00000,0.00000,0.00000,0.00000,0.07143,0.07143,0.07143,0.14286,0.00000,0.00000
0.11328,0.07812,0.01172,0.02734,0.09766,0.03906,0.00391,0.25781,0.00391,0.00391,0.00391,0.01953,0.01172,0.10547,0.08594,0.06250,0.07422,0.00000
0.08929,0.03571,0.01786,0.00000,0.17857,0.01786,0.01786,0.26786,0.00000,0.00000,0.00000,0.00000,0.03571,0.14286,0.05357,0.08929,0.05357,0.00000
0.12319,0.08333,0.01087,0.03623,0.12681,0.03986,0.00725,0.17754,0.01449,0.00000,0.02536,0.02899,0.00725,0.08696,0.08333,0.07246,0.06884,0.00725
0.08130,0.04878,0.00000,0.00813,0.13008,0.02439,0.01626,0.30081,0.00813,0.00000,0.00813,0.00000,0.04065,0.13008,0.04878,0.06504,0.05691,0.03252
0.13953,0.04651,0.00000,0.00000,0.11628,0.04651,0.00000,0.20930,0.00000,0.00000,0.02326,0.00000,0.00000,0.11628,0.09302,0.13953,0.06977,0.00000
0.20513,0.12821,0.02564,0.02564,0.17949,0.05128,0.00000,0.10256,0.02564,0.00000,0.02564,0.00000,0.02564,0.05128,0.05128,0.07692,0.02564,0.00000
0.11429,0.08571,0.00000,0.00000,0.05714,0.02857,0.00000,0.25714,0.00000,0.00000,0.02857,0.00000,0.00000,0.20000,0.08571,0.05714,0.08571,0.00000
0.10588,0.07059,0.00000,0.01176,0.08235,0.07059,0.02353,0.22353,0.00000,0.01176,0.03529,0.01176,0.02353,0.09412,0.07059,0.12941,0.03529,0.00000
0.15254,0.09605,0.05085,0.05650,0.12429,0.01695,0.01130,0.08475,0.00565,0.00565,0.02825,0.05085,0.00565,0.08475,0.10169,0.07910,0.04520,0.00000
0.02174,0.02174,0.00000,0.00000,0.10870,0.06522,0.00000,0.39130,0.00000,0.02174,0.00000,0.00000,0.02174,0.13043,0.10870,0.06522,0.04348,0.00000
0.12322,0.04265,0.00474,0.00948,0.07109,0.07109,0.00948,0.27014,0.00474,0.02370,0.00474,0.00000,0.05213,0.05687,0.02370,0.16114,0.05213,0.01896
0.06098,0.01220,0.00000,0.00000,0.10976,0.08537,0.01220,0.29268,0.00000,0.02439,0.01220,0.00000,0.02439,0.08537,0.09756,0.12195,0.06098,0.00000
0.08511,0.02128,0.00000,0.00000,0.04255,0.06383,0.00000,0.29787,0.00000,0.02128,0.02128,0.00000,0.08511,0.08511,0.06383,0.14894,0.06383,0.00000
0.12821,0.07692,0.03846,0.03846,0.21795,0.03846,0.00000,0.16667,0.02564,0.00000,0.00000,0.00000,0.01282,0.05128,0.06410,0.08974,0.05128,0.00000
0.04819,0.01205,0.00000,0.00000,0.08434,0.07229,0.01205,0.33735,0.00000,0.01205,0.01205,0.00000,0.04819,0.14458,0.09639,0.07229,0.03614,0.01205
0.13253,0.09639,0.01205,0.01205,0.12048,0.02410,0.00000,0.18072,0.00000,0.02410,0.02410,0.01205,0.01205,0.07229,0.10843,0.08434,0.08434,0.00000
0.04348,0.04348,0.00000,0.00000,0.26087,0.00000,0.00000,0.21739,0.04348,0.00000,0.04348,0.04348,0.00000,0.17391,0.08696,0.04348,0.00000,0.00000
0.04225,0.02817,0.01408,0.01408,0.09859,0.01408,0.02817,0.39437,0.00000,0.00000,0.00000,0.01408,0.01408,0.16901,0.05634,0.04225,0.07042,0.00000
0.03571,0.00000,0.00000,0.00000,0.07143,0.03571,0.00000,0.46429,0.00000,0.00000,0.03571,0.00000,0.00000,0.14286,0.00000,0.14286,0.07143,0.00000
0.12245,0.02041,0.04082,0.04082,0.12245,0.02041,0.00000,0.26531,0.00000,0.00000,0.02041,0.02041,0.00000,0.10204,0.04082,0.14286,0.04082,0.00000
0.05333,0.04000,0.04667,0.04667,0.16000,0.04000,0.00000,0.20667,0.00000,0.02000,0.00000,0.03333,0.04667,0.12000,0.02667,0.06000,0.07333,0.02667
0.15842,0.09406,0.00990,0.05941,0.18317,0.00990,0.00000,0.12376,0.00990,0.00000,0.00495,0.00990,0.01980,0.10891,0.04950,0.11881,0.02970,0.00990
0.11429,0.05714,0.01905,0.04762,0.12381,0.03810,0.00000,0.20952,0.00000,0.00000,0.00000,0.02857,0.00000,0.10476,0.03810,0.14286,0.07619,0.00000
0.06536,0.03922,0.01634,0.03268,0.14706,0.02614,0.00327,0.28105,0.00327,0.01634,0.00980,0.04575,0.02614,0.11111,0.04902,0.03922,0.07516,0.01307
0.00000,0.00000,0.00000,0.05556,0.22222,0.05556,0.00000,0.27778,0.00000,0.00000,0.00000,0.00000,0.05556,0.11111,0.11111,0.05556,0.05556,0.00000
0.16263,0.08651,0.00000,0.01384,0.20761,0.03460,0.00346,0.11765,0.00692,0.00692,0.00692,0.02076,0.00692,0.10727,0.08304,0.06574,0.05536,0.01384
0.06667,0.00000,0.00000,0.06667,0.16667,0.03333,0.00000,0.30000,0.03333,0.00000,0.00000,0.00000,0.00000,0.13333,0.00000,0.10000,0.10000,0.00000
0.08696,0.06087,0.01739,0.01739,0.20870,0.02609,0.00870,0.23478,0.00000,0.00000,0.00000,0.00000,0.00000,0.21739,0.06087,0.02609,0.03478,0.00000
0.04966,0.02483,0.00226,0.01580,0.13770,0.03837,0.01354,0.31151,0.00451,0.01806,0.01580,0.02483,0.04063,0.12641,0.01806,0.09029,0.05643,0.01129
0.15758,0.08485,0.00000,0.00606,0.03636,0.02424,0.00000,0.21818,0.00606,0.01212,0.03030,0.01212,0.04848,0.04848,0.09091,0.12121,0.09091,0.01212
0.10256,0.05983,0.01709,0.01709,0.11396,0.05128,0.00570,0.23647,0.00285,0.00855,0.01994,0.01425,0.01994,0.08262,0.07123,0.11396,0.05698,0.00570
0.08696,0.04348,0.04348,0.08696,0.21739,0.00000,0.00000,0.21739,0.00000,0.00000,0.00000,0.00000,0.00000,0.17391,0.08696,0.00000,0.04348,0.00000
0.09400,0.04600,0.02400,0.03600,0.14000,0.04600,0.00800,0.24200,0.00200,0.01200,0.03000,0.03400,0.01800,0.07800,0.04800,0.07000,0.05600,0.01600
0.12025,0.08544,0.02532,0.06962,0.13608,0.00949,0.00316,0.18038,0.00949,0.00316,0.01582,0.04114,0.00949,0.09810,0.05380,0.06646,0.05696,0.01582
0.12150,0.03738,0.00935,0.03738,0.07477,0.05607,0.01869,0.15888,0.00935,0.02804,0.04673,0.00935,0.01869,0.06542,0.10280,0.14019,0.06542,0.00000
0.10526,0.08772,0.04386,0.03509,0.14035,0.00877,0.01754,0.12281,0.00877,0.00877,0.02632,0.01754,0.02632,0.03509,0.15789,0.09649,0.03509,0.02632
0.07692,0.03846,0.00000,0.00000,0.46154,0.03846,0.00000,0.11538,0.00000,0.00000,0.00000,0.03846,0.03846,0.07692,0.00000,0.03846,0.03846,0.03846
0.15789,0.06433,0.01754,0.01170,0.13450,0.07602,0.00000,0.18713,0.00000,0.00000,0.00585,0.00585,0.01170,0.09942,0.03509,0.14035,0.04094,0.01170
0.13333,0.02222,0.00000,0.00000,0.08889,0.04444,0.00000,0.24444,0.00000,0.04444,0.00000,0.00000,0.04444,0.06667,0.06667,0.20000,0.04444,0.00000
0.19565,0.15217,0.00000,0.00000,0.08696,0.02174,0.00000,0.08696,0.00000,0.00000,0.02174,0.00000,0.02174,0.15217,0.08696,0.10870,0.06522,0.00000
0.15873,0.09524,0.04762,0.03175,0.09524,0.01587,0.00000,0.06349,0.00000,0.01587,0.07937,0.06349,0.01587,0.04762,0.17460,0.06349,0.01587,0.01587
0.21053,0.10526,0.00000,0.00000,0.10526,0.07895,0.00000,0.13158,0.00000,0.00000,0.00000,0.00000,0.00000,0.10526,0.10526,0.07895,0.07895,0.00000
0.08475,0.05085,0.00000,0.00000,0.13559,0.05085,0.00000,0.32203,0.00000,0.01695,0.00000,0.01695,0.01695,0.11864,0.06780,0.08475,0.03390,0.00000
0.04000,0.00000,0.00000,0.00000,0.04000,0.08000,0.00000,0.28000,0.00000,0.04000,0.04000,0.00000,0.12000,0.12000,0.08000,0.12000,0.04000,0.00000
0.09412,0.05882,0.01176,0.03529,0.12941,0.02353,0.00000,0.36471,0.00000,0.00000,0.00000,0.00000,0.01176,0.11765,0.00000,0.08235,0.05882,0.01176
0.00000,0.00000,0.00000,0.00000,0.15789,0.15789,0.00000,0.26316,0.00000,0.05263,0.00000,0.00000,0.15789,0.05263,0.05263,0.10526,0.00000,0.00000
0.11111,0.02778,0.02778,0.02778,0.13889,0.05556,0.00000,0.25000,0.00000,0.00000,0.00000,0.02778,0.02778,0.11111,0.05556,0.05556,0.08333,0.00000
0.17133,0.10140,0.01399,0.03497,0.11189,0.03147,0.00000,0.11189,0.01399,0.00350,0.02098,0.02098,0.01748,0.06993,0.10839,0.12238,0.04196,0.00350
0.16495,0.02062,0.00000,0.02062,0.10309,0.03093,0.00000,0.18557,0.01031,0.00000,0.04124,0.01031,0.03093,0.10309,0.04124,0.17526,0.05155,0.01031
0.06452,0.03226,0.00000,0.03226,0.12903,0.03226,0.00000,0.19355,0.00000,0.03226,0.00000,0.00000,0.09677,0.16129,0.03226,0.16129,0.03226,0.00000
0.11429,0.01429,0.00000,0.00000,0.02857,0.10000,0.00000,0.28571,0.00000,0.01429,0.01429,0.01429,0.08571,0.07143,0.00000,0.20000,0.05714,0.00000
0.12903,0.03226,0.00000,0.00000,0.06452,0.08065,0.00000,0.25806,0.00000,0.01613,0.00000,0.00000,0.04839,0.09677,0.06452,0.16129,0.04839,0.00000
0.07273,0.01818,0.00000,0.00000,0.10909,0.07273,0.00000,0.18182,0.00000,0.01818,0.01818,0.00000,0.03636,0.05455,0.18182,0.14545,0.07273,0.01818
0.14286,0.07519,0.00752,0.00752,0.04511,0.08271,0.02256,0.21805,0.00752,0.03008,0.03008,0.00000,0.03008,0.05263,0.06767,0.13534,0.03759,0.00752
0.11250,0.06250,0.01250,0.02500,0.03750,0.07500,0.01250,0.32500,0.00000,0.01250,0.00000,0.02500,0.03750,0.06250,0.06250,0.03750,0.07500,0.02500
0.17007,0.10884,0.00680,0.02721,0.08163,0.04082,0.00000,0.14286,0.00680,0.00000,0.00680,0.01361,0.01361,0.07483,0.11565,0.14286,0.04762,0.00000
0.08824,0.07353,0.00000,0.00735,0.05882,0.05147,0.01471,0.19853,0.00735,0.00735,0.11765,0.01471,0.03676,0.02941,0.08824,0.13971,0.06618,0.00000
0.15412,0.08244,0.00000,0.00717,0.11470,0.03226,0.00358,0.24731,0.00358,0.00717,0.00717,0.01434,0.01792,0.08244,0.05376,0.11470,0.05376,0.00358
0.13514,0.08108,0.02703,0.02703,0.05405,0.02703,0.00000,0.29730,0.00000,0.00000,0.00000,0.00000,0.02703,0.08108,0.08108,0.02703,0.13514,0.00000
0.08696,0.04348,0.01087,0.01087,0.06522,0.05435,0.01087,0.34783,0.00000,0.00000,0.00000,0.00000,0.03261,0.11957,0.05435,0.09783,0.06522,0.00000
0.06250,0.03750,0.00000,0.01250,0.08750,0.05000,0.00000,0.46250,0.01250,0.00000,0.00000,0.00000,0.03750,0.08750,0.05000,0.03750,0.03750,0.02500
0.05333,0.01333,0.01333,0.01333,0.08000,0.08000,0.01333,0.30667,0.00000,0.01333,0.01333,0.05333,0.02667,0.14667,0.01333,0.09333,0.05333,0.01333
0.21739,0.00000,0.00000,0.00000,0.08696,0.04348,0.00000,0.13043,0.00000,0.00000,0.04348,0.00000,0.00000,0.00000,0.17391,0.30435,0.00000,0.00000
0.11702,0.06383,0.01064,0.02660,0.21277,0.01596,0.00000,0.12234,0.00532,0.00000,0.00000,0.03723,0.03191,0.12234,0.06383,0.07979,0.07979,0.01064
0.14000,0.02000,0.00000,0.04000,0.10000,0.02000,0.02000,0.20000,0.00000,0.02000,0.06000,0.00000,0.06000,0.12000,0.04000,0.16000,0.00000,0.00000
0.26923,0.21154,0.00000,0.01923,0.05769,0.00000,0.00000,0.01923,0.00000,0.00000,0.03846,0.00000,0.00000,0.03846,0.25000,0.05769,0.03846,0.00000
0.09545,0.05455,0.02727,0.05000,0.15455,0.00909,0.00909,0.22273,0.00455,0.00000,0.00000,0.04545,0.02273,0.15909,0.03182,0.06818,0.04545,0.00000
0.00000,0.00000,0.00000,0.00000,0.14286,0.07143,0.00000,0.28571,0.00000,0.07143,0.00000,0.00000,0.07143,0.14286,0.00000,0.07143,0.14286,0.00000
0.15275,0.07105,0.03020,0.04973,0.10657,0.03552,0.00178,0.14920,0.00710,0.00355,0.04263,0.02664,0.01776,0.06750,0.07105,0.13677,0.02664,0.00355
0.05000,0.00000,0.02500,0.02500,0.12500,0.07500,0.00000,0.42500,0.00000,0.02500,0.00000,0.00000,0.05000,0.10000,0.00000,0.05000,0.05000,0.00000
0.04167,0.00000,0.00000,0.00000,0.12500,0.16667,0.00000,0.37500,0.00000,0.04167,0.00000,0.00000,0.08333,0.00000,0.00000,0.08333,0.04167,0.04167
0.05000,0.05000,0.00000,0.05000,0.15000,0.00000,0.00000,0.35000,0.05000,0.00000,0.00000,0.00000,0.00000,0.10000,0.10000,0.05000,0.05000,0.00000
0.20000,0.00000,0.02857,0.05714,0.14286,0.00000,0.00000,0.17143,0.00000,0.00000,0.00000,0.00000,0.02857,0.11429,0.02857,0.17143,0.05714,0.00000
0.07937,0.03175,0.00000,0.00000,0.04762,0.11111,0.00000,0.22222,0.00000,0.03175,0.06349,0.00000,0.03175,0.04762,0.06349,0.20635,0.03175,0.03175
0.06557,0.01639,0.00000,0.00000,0.06557,0.04918,0.03279,0.37705,0.00000,0.03279,0.00000,0.00000,0.03279,0.11475,0.06557,0.06557,0.08197,0.00000
0.25472,0.13208,0.00000,0.01887,0.08491,0.01887,0.00000,0.04717,0.01887,0.00943,0.00943,0.00000,0.01887,0.08491,0.12264,0.12264,0.05660,0.00000
0.06522,0.04348,0.01087,0.02174,0.16304,0.06522,0.00000,0.25000,0.00000,0.01087,0.01087,0.02174,0.04348,0.08696,0.03261,0.09783,0.06522,0.01087
0.03030,0.00000,0.00000,0.00000,0.03030,0.09091,0.00000,0.48485,0.00000,0.00000,0.06061,0.00000,0.03030,0.09091,0.00000,0.09091,0.09091,0.00000
0.00000,0.05263,0.00000,0.05263,0.10526,0.05263,0.00000,0.26316,0.00000,0.05263,0.00000,0.10526,0.05263,0.15789,0.00000,0.05263,0.05263,0.00000
0.16176,0.05882,0.00000,0.00000,0.11029,0.01471,0.00000,0.18382,0.00735,0.00000,0.00000,0.00000,0.02941,0.11029,0.07353,0.20588,0.04412,0.00000
0.12500,0.04167,0.06250,0.02083,0.16667,0.02083,0.00000,0.12500,0.00000,0.00000,0.02083,0.04167,0.06250,0.06250,0.08333,0.12500,0.04167,0.00000
0.12121,0.06061,0.00000,0.00000,0.03030,0.03030,0.00000,0.18182,0.00000,0.00000,0.06061,0.00000,0.12121,0.06061,0.03030,0.24242,0.06061,0.00000
0.09864,0.04082,0.00680,0.02041,0.12925,0.05102,0.01701,0.28912,0.01020,0.00340,0.00680,0.00680,0.02721,0.10544,0.04422,0.07823,0.06122,0.00340
0.14409,0.05187,0.00288,0.00000,0.11527,0.05476,0.00000,0.16427,0.00000,0.01153,0.04323,0.00576,0.02594,0.07781,0.08934,0.15850,0.04323,0.01153
0.05128,0.05128,0.00000,0.02564,0.07692,0.07692,0.05128,0.25641,0.02564,0.02564,0.00000,0.02564,0.02564,0.07692,0.05128,0.15385,0.02564,0.00000
0.06250,0.03125,0.00000,0.03125,0.15625,0.03125,0.00000,0.37500,0.00000,0.03125,0.00000,0.03125,0.03125,0.09375,0.03125,0.03125,0.06250,0.00000
0.07258,0.10484,0.10484,0.09677,0.15323,0.01613,0.00000,0.12097,0.00000,0.00806,0.00000,0.08065,0.00806,0.05645,0.09677,0.02419,0.05645,0.00000
0.04762,0.00000,0.00000,0.00000,0.09524,0.09524,0.00000,0.42857,0.00000,0.04762,0.00000,0.00000,0.04762,0.14286,0.00000,0.04762,0.04762,0.00000
0.09836,0.04918,0.01639,0.03279,0.13115,0.08197,0.00000,0.19672,0.00000,0.00000,0.03279,0.01639,0.03279,0.13115,0.04918,0.08197,0.04918,0.00000
0.05505,0.04358,0.02064,0.01835,0.18578,0.01835,0.00459,0.24312,0.00459,0.02064,0.00917,0.04358,0.02982,0.13532,0.04817,0.06193,0.04358,0.01376
0.06989,0.03226,0.00538,0.02688,0.21505,0.00538,0.00000,0.21505,0.01075,0.00000,0.00538,0.02688,0.00538,0.25806,0.02151,0.02688,0.06452,0.01075
0.20000,0.00000,0.00000,0.00000,0.00000,0.13333,0.00000,0.33333,0.00000,0.00000,0.00000,0.00000,0.00000,0.06667,0.06667,0.20000,0.00000,0.00000
0.08974,0.05128,0.00000,0.00000,0.08974,0.06410,0.00000,0.23077,0.00000,0.05128,0.02564,0.00000,0.06410,0.06410,0.10256,0.06410,0.10256,0.00000
0.00000,0.00000,0.00000,0.00000,0.16667,0.00000,0.00000,0.33333,0.00000,0.00000,0.00000,0.00000,0.00000,0.33333,0.00000,0.00000,0.16667,0.00000
0.07692,0.00000,0.00000,0.00000,0.05128,0.05128,0.02564,0.46154,0.00000,0.00000,0.00000,0.00000,0.00000,0.02564,0.00000,0.05128,0.17949,0.07692
0.15942,0.04348,0.01449,0.01449,0.15942,0.05797,0.00000,0.21739,0.00000,0.00000,0.00000,0.01449,0.00000,0.11594,0.04348,0.10145,0.05797,0.00000
0.16601,0.07510,0.00791,0.00791,0.14229,0.07115,0.00000,0.14625,0.00000,0.01581,0.00791,0.00395,0.01976,0.09091,0.07510,0.08300,0.07510,0.01186
0.14953,0.06542,0.00000,0.02804,0.17757,0.03738,0.00000,0.15888,0.00000,0.00000,0.00000,0.00935,0.03738,0.10280,0.03738,0.16822,0.02804,0.00000
0.09143,0.04571,0.02286,0.01143,0.14286,0.08571,0.01143,0.22286,0.00000,0.02286,0.04000,0.00571,0.03429,0.07429,0.03429,0.11429,0.03429,0.00571
0.04545,0.00000,0.00000,0.00000,0.18182,0.04545,0.00000,0.31818,0.00000,0.00000,0.00000,0.04545,0.00000,0.18182,0.00000,0.13636,0.04545,0.00000
0.21053,0.08772,0.01754,0.01754,0.08772,0.07018,0.00000,0.12281,0.00000,0.00000,0.00000,0.00000,0.00000,0.07018,0.08772,0.17544,0.05263,0.00000
0.00000,0.05556,0.00000,0.00000,0.11111,0.05556,0.00000,0.55556,0.00000,0.00000,0.00000,0.00000,0.00000,0.00000,0.05556,0.05556,0.05556,0.05556
0.19672,0.09016,0.00000,0.00000,0.01639,0.05738,0.00000,0.16393,0.00820,0.01639,0.00820,0.00000,0.04918,0.05738,0.04918,0.23770,0.04918,0.00000
0.12963,0.05556,0.03704,0.05556,0.11111,0.03704,0.00000,0.18519,0.00000,0.00000,0.00000,0.05556,0.00000,0.05556,0.09259,0.09259,0.09259,0.00000
0.23077,0.00000,0.00000,0.03846,0.07692,0.00000,0.00000,0.11538,0.00000,0.00000,0.03846,0.00000,0.07692,0.11538,0.07692,0.23077,0.00000,0.00000
0.06410,0.06410,0.01282,0.05128,0.15385,0.01282,0.00000,0.23077,0.00000,0.01282,0.00000,0.01282,0.05128,0.12821,0.03846,0.08974,0.06410,0.01282
0.14815,0.09877,0.02469,0.04938,0.17284,0.02469,0.00000,0.16049,0.00000,0.00000,0.00000,0.01235,0.02469,0.07407,0.06173,0.11111,0.03704,0.00000
0.15789,0.08772,0.01754,0.01754,0.07018,0.01754,0.00000,0.14035,0.00000,0.00000,0.03509,0.03509,0.01754,0.10526,0.07018,0.10526,0.12281,0.00000
0.14286,0.04762,0.00000,0.04762,0.04762,0.00000,0.00000,0.19048,0.00000,0.00000,0.00000,0.00000,0.09524,0.04762,0.00000,0.28571,0.09524,0.00000
0.03571,0.00000,0.00000,0.00000,0.03571,0.10714,0.00000,0.46429,0.00000,0.03571,0.00000,0.00000,0.07143,0.07143,0.07143,0.10714,0.00000,0.00000
0.10526,0.05263,0.00000,0.00000,0.15789,0.05263,0.00000,0.15789,0.00000,0.05263,0.05263,0.00000,0.05263,0.15789,0.05263,0.05263,0.00000,0.05263
0.10526,0.01316,0.00000,0.00000,0.09211,0.07895,0.00000,0.25000,0.00000,0.02632,0.00000,0.02632,0.09211,0.06579,0.02632,0.15789,0.06579,0.00000
0.02913,0.02427,0.00000,0.01456,0.19903,0.04854,0.00000,0.31553,0.00000,0.00971,0.00000,0.01456,0.01942,0.20388,0.01456,0.08252,0.02427,0.00000
0.12069,0.03448,0.01724,0.03448,0.06897,0.06897,0.00000,0.22414,0.00000,0.00000,0.03448,0.05172,0.00000,0.10345,0.05172,0.08621,0.08621,0.01724
0.09211,0.05263,0.01316,0.01316,0.15789,0.03947,0.00000,0.32895,0.00000,0.00000,0.00000,0.00000,0.02632,0.09211,0.09211,0.07895,0.01316,0.00000
0.11842,0.05263,0.00000,0.00000,0.08553,0.09868,0.00000,0.21711,0.00000,0.03289,0.02632,0.01316,0.03947,0.05263,0.07895,0.13158,0.03947,0.01316
0.14914,0.08557,0.01467,0.02445,0.12958,0.02934,0.00000,0.17115,0.00489,0.00733,0.01467,0.01956,0.01467,0.11736,0.05868,0.08557,0.05379,0.01956
0.06977,0.00000,0.02326,0.02326,0.06977,0.04651,0.00000,0.23256,0.00000,0.02326,0.06977,0.02326,0.09302,0.06977,0.04651,0.20930,0.00000,0.00000
0.12500,0.05682,0.00000,0.01136,0.14773,0.02273,0.00000,0.23864,0.01136,0.00000,0.00000,0.01136,0.01136,0.15909,0.06818,0.07955,0.05682,0.00000
0.07143,0.04762,0.02381,0.02381,0.09524,0.00000,0.00000,0.23810,0.00000,0.00000,0.04762,0.04762,0.04762,0.09524,0.09524,0.14286,0.02381,0.00000
0.06977,0.06977,0.04651,0.06977,0.11628,0.00000,0.00000,0.16279,0.02326,0.00000,0.02326,0.02326,0.04651,0.11628,0.09302,0.02326,0.11628,0.00000
0.18868,0.13208,0.00000,0.00000,0.07547,0.05660,0.00000,0.09434,0.00000,0.00000,0.00000,0.01887,0.03774,0.16981,0.09434,0.07547,0.03774,0.01887
0.05263,0.02456,0.02105,0.02807,0.12982,0.02105,0.00702,0.33684,0.00351,0.01754,0.01053,0.03509,0.02456,0.15789,0.02807,0.04561,0.05263,0.00351
0.06098,0.02439,0.01220,0.01220,0.12195,0.02439,0.00000,0.32927,0.01220,0.01220,0.01220,0.00000,0.02439,0.13415,0.04878,0.07317,0.09756,0.00000
0.18692,0.06542,0.02804,0.04673,0.04673,0.03738,0.00000,0.12150,0.00000,0.00000,0.00000,0.02804,0.04673,0.04673,0.02804,0.28037,0.00935,0.02804
0.08140,0.02326,0.00000,0.02326,0.20930,0.00000,0.01163,0.27907,0.01163,0.00000,0.00000,0.03488,0.03488,0.13953,0.03488,0.05814,0.04651,0.01163
0.14839,0.07097,0.00000,0.00645,0.07742,0.04516,0.00000,0.19355,0.00000,0.01290,0.02581,0.01935,0.01290,0.08387,0.05161,0.14839,0.08387,0.01935
0.06522,0.05072,0.01812,0.04348,0.11957,0.02536,0.00725,0.25000,0.00362,0.02174,0.00725,0.03261,0.03986,0.13043,0.03986,0.07609,0.05797,0.01087
0.17460,0.06349,0.00000,0.00000,0.03175,0.07937,0.00000,0.22222,0.00000,0.01587,0.01587,0.00000,0.04762,0.09524,0.03175,0.17460,0.04762,0.00000
0.07692,0.03846,0.00000,0.00000,0.11538,0.03846,0.00000,0.38462,0.00000,0.03846,0.00000,0.00000,0.03846,0.07692,0.00000,0.15385,0.03846,0.00000
0.09091,0.04545,0.00000,0.00000,0.13636,0.06818,0.02273,0.29545,0.00000,0.02273,0.00000,0.02273,0.02273,0.09091,0.09091,0.04545,0.04545,0.00000
0.11009,0.03670,0.01835,0.02752,0.14679,0.05505,0.00000,0.23853,0.00917,0.00917,0.01835,0.01835,0.01835,0.12844,0.00917,0.10092,0.03670,0.01835
0.10286,0.05714,0.02286,0.02286,0.12571,0.04000,0.00000,0.29143,0.00000,0.01143,0.00571,0.02286,0.02286,0.05143,0.01714,0.09143,0.09143,0.02286
0.12903,0.05376,0.00000,0.03226,0.04301,0.05376,0.01075,0.24731,0.00000,0.01075,0.01075,0.03226,0.02151,0.13978,0.05376,0.12903,0.03226,0.00000
0.00000,0.02703,0.00000,0.02703,0.48649,0.00000,0.02703,0.18919,0.02703,0.00000,0.00000,0.00000,0.00000,0.16216,0.02703,0.00000,0.02703,0.00000
0.28966,0.10345,0.00000,0.00000,0.04138,0.02759,0.00000,0.12414,0.00000,0.00690,0.01379,0.01379,0.00690,0.05517,0.09655,0.11724,0.06897,0.03448
0.10559,0.08075,0.01863,0.02484,0.10559,0.04348,0.00621,0.22981,0.00000,0.01242,0.03106,0.03106,0.01863,0.06832,0.08696,0.06832,0.06832,0.00000
0.03125,0.00000,0.06250,0.03125,0.15625,0.00000,0.00000,0.40625,0.00000,0.00000,0.00000,0.03125,0.00000,0.15625,0.06250,0.03125,0.03125,0.00000
0.16121,0.11083,0.03023,0.07809,0.08312,0.01763,0.00000,0.12846,0.02015,0.00504,0.02519,0.03778,0.00504,0.07305,0.09068,0.08564,0.03778,0.01008
0.09191,0.03309,0.01103,0.01103,0.08456,0.07353,0.00368,0.29044,0.00368,0.01103,0.04044,0.01103,0.03676,0.06985,0.04779,0.13235,0.03676,0.01103
0.15385,0.00000,0.00000,0.00000,0.23077,0.00000,0.00000,0.07692,0.00000,0.07692,0.00000,0.00000,0.07692,0.00000,0.23077,0.15385,0.00000,0.00000
0.15094,0.11321,0.00000,0.03774,0.09434,0.07547,0.00000,0.16981,0.00000,0.00000,0.01887,0.00000,0.00000,0.09434,0.07547,0.07547,0.09434,0.00000
0.00000,0.00000,0.00000,0.00000,0.24324,0.10811,0.02703,0.37838,0.00000,0.02703,0.00000,0.00000,0.05405,0.05405,0.00000,0.08108,0.02703,0.00000
0.13333,0.00000,0.00000,0.00000,0.13333,0.00000,0.00000,0.26667,0.00000,0.00000,0.00000,0.06667,0.06667,0.06667,0.00000,0.20000,0.06667,0.00000
0.07407,0.00000,0.00000,0.00000,0.03704,0.07407,0.00000,0.29630,0.00000,0.03704,0.07407,0.00000,0.07407,0.07407,0.03704,0.22222,0.00000,0.00000
0.09934,0.03311,0.00000,0.00662,0.18543,0.04636,0.00000,0.31126,0.00662,0.00662,0.01325,0.01325,0.01325,0.09934,0.01987,0.07947,0.05960,0.00662
0.04444,0.02222,0.00000,0.00000,0.40000,0.02222,0.00000,0.13333,0.00000,0.00000,0.02222,0.02222,0.00000,0.22222,0.00000,0.02222,0.04444,0.04444
0.09375,0.06250,0.06250,0.03125,0.18750,0.06250,0.06250,0.15625,0.00000,0.00000,0.00000,0.00000,0.00000,0.12500,0.06250,0.03125,0.06250,0.00000
0.12185,0.05882,0.02941,0.04622,0.16387,0.03361,0.00000,0.15546,0.00420,0.01681,0.02521,0.02521,0.02101,0.10504,0.05882,0.07143,0.05042,0.01261
0.11111,0.13889,0.00000,0.05556,0.02778,0.02778,0.00000,0.27778,0.02778,0.00000,0.00000,0.02778,0.00000,0.08333,0.05556,0.02778,0.13889,0.00000
0.05556,0.02778,0.00000,0.02778,0.02778,0.00000,0.00000,0.47222,0.02778,0.00000,0.00000,0.00000,0.00000,0.13889,0.02778,0.00000,0.19444,0.00000
0.12766,0.08511,0.00426,0.01277,0.08936,0.05957,0.00426,0.20851,0.00000,0.00000,0.02553,0.01702,0.01277,0.08085,0.06383,0.13617,0.06809,0.00426
0.07182,0.02762,0.01657,0.01657,0.12155,0.08287,0.01105,0.29282,0.00000,0.01105,0.01105,0.01657,0.04420,0.09945,0.04420,0.09945,0.03315,0.00000
0.14894,0.08511,0.01418,0.04255,0.08511,0.02128,0.00000,0.17730,0.00709,0.00709,0.03546,0.02837,0.00709,0.09220,0.11348,0.07092,0.06383,0.00000
0.10405,0.04624,0.00578,0.01734,0.15029,0.05780,0.00000,0.27168,0.00578,0.01156,0.01734,0.00578,0.01156,0.08671,0.04624,0.10983,0.04624,0.00578
0.35065,0.11688,0.00000,0.00000,0.02597,0.05195,0.00000,0.05195,0.00000,0.00000,0.01299,0.00000,0.00000,0.02597,0.11688,0.22078,0.02597,0.00000
0.07143,0.00000,0.00000,0.00000,0.19643,0.07143,0.00000,0.12500,0.00000,0.03571,0.01786,0.01786,0.05357,0.07143,0.03571,0.26786,0.01786,0.01786
0.12195,0.02439,0.02439,0.02439,0.12195,0.00000,0.00000,0.29268,0.00000,0.00000,0.02439,0.02439,0.02439,0.09756,0.07317,0.09756,0.04878,0.00000
0.07143,0.00000,0.00000,0.00000,0.14286,0.00000,0.00000,0.25000,0.00000,0.00000,0.07143,0.07143,0.03571,0.14286,0.03571,0.14286,0.03571,0.00000
0.16754,0.06806,0.00524,0.00524,0.12565,0.09424,0.01571,0.18325,0.00000,0.00000,0.01047,0.00524,0.00524,0.08901,0.06283,0.12565,0.03665,0.00000
0.15362,0.07826,0.01449,0.01739,0.10145,0.04058,0.00290,0.17971,0.00870,0.00290,0.02029,0.02029,0.01739,0.08406,0.08116,0.12464,0.04348,0.00870
0.12245,0.06122,0.06122,0.06122,0.17347,0.02041,0.00000,0.10204,0.01020,0.00000,0.01020,0.05102,0.03061,0.13265,0.02041,0.10204,0.03061,0.01020
0.12381,0.06667,0.00000,0.00952,0.04762,0.01905,0.00000,0.37143,0.00952,0.00000,0.00000,0.00000,0.02857,0.12381,0.03810,0.06667,0.05714,0.03810
0.07843,0.03922,0.01961,0.01961,0.11765,0.03922,0.00000,0.27451,0.00000,0.00000,0.00000,0.05882,0.03922,0.11765,0.01961,0.09804,0.05882,0.01961
0.09091,0.04545,0.03030,0.00000,0.12121,0.04545,0.01515,0.25758,0.00000,0.01515,0.00000,0.00000,0.03030,0.04545,0.12121,0.10606,0.06061,0.01515
0.05172,0.01724,0.00000,0.00000,0.15517,0.10345,0.00000,0.34483,0.01724,0.00000,0.00000,0.01724,0.03448,0.12069,0.05172,0.06897,0.01724,0.00000
0.10000,0.10000,0.00000,0.05000,0.05000,0.00000,0.00000,0.35000,0.00000,0.00000,0.05000,0.00000,0.00000,0.10000,0.00000,0.05000,0.15000,0.00000
0.05000,0.00000,0.00000,0.00000,0.05000,0.05000,0.00000,0.35000,0.00000,0.05000,0.05000,0.00000,0.05000,0.10000,0.00000,0.20000,0.05000,0.00000
0.10526,0.08134,0.03828,0.07656,0.09091,0.01435,0.00000,0.17703,0.01435,0.00478,0.01435,0.06699,0.01435,0.10526,0.04785,0.06699,0.06220,0.01914
0.20000,0.14286,0.00000,0.00000,0.00000,0.00000,0.00000,0.17143,0.00000,0.00000,0.00000,0.02857,0.02857,0.11429,0.11429,0.08571,0.11429,0.00000
0.06897,0.04828,0.00690,0.03448,0.11034,0.02759,0.01379,0.28276,0.00690,0.00690,0.00000,0.04138,0.02759,0.14483,0.06207,0.04828,0.06207,0.00690
0.07609,0.04891,0.02174,0.04891,0.11413,0.05435,0.01087,0.29891,0.00543,0.00543,0.01087,0.02717,0.02174,0.09239,0.03261,0.04348,0.07065,0.01630
0.04902,0.04248,0.01961,0.04248,0.14052,0.03268,0.00654,0.27124,0.00654,0.03268,0.01634,0.05229,0.04575,0.06863,0.02941,0.08170,0.05556,0.00654
0.07895,0.04605,0.00658,0.01316,0.17763,0.01974,0.00658,0.26974,0.00000,0.00000,0.00658,0.01974,0.01316,0.11184,0.06579,0.05921,0.09868,0.00658
0.07857,0.05000,0.02143,0.05000,0.05714,0.02143,0.00000,0.27143,0.00714,0.00714,0.02143,0.05714,0.02143,0.12857,0.02857,0.07857,0.07143,0.02857
0.05618,0.02247,0.02247,0.01124,0.10112,0.03371,0.00000,0.22472,0.01124,0.03371,0.02247,0.01124,0.06742,0.08989,0.04494,0.14607,0.10112,0.00000
0.19231,0.07692,0.03846,0.03846,0.07692,0.00000,0.00000,0.11538,0.00000,0.00000,0.00000,0.03846,0.03846,0.07692,0.11538,0.07692,0.11538,0.00000
0.06019,0.04630,0.00463,0.01852,0.12963,0.03241,0.01852,0.27315,0.00463,0.02315,0.02778,0.03241,0.04630,0.09259,0.06019,0.07407,0.05556,0.00000
0.06667,0.00000,0.00000,0.00000,0.10000,0.06667,0.00000,0.23333,0.00000,0.03333,0.10000,0.03333,0.06667,0.06667,0.00000,0.16667,0.06667,0.00000
0.09524,0.00000,0.00000,0.00000,0.00000,0.04762,0.00000,0.38095,0.00000,0.00000,0.09524,0.00000,0.04762,0.14286,0.00000,0.14286,0.04762,0.00000
0.00000,0.03226,0.03226,0.03226,0.09677,0.03226,0.00000,0.32258,0.00000,0.00000,0.00000,0.00000,0.00000,0.32258,0.00000,0.06452,0.06452,0.00000
0.04651,0.02326,0.01163,0.03488,0.17442,0.02326,0.01163,0.38372,0.00000,0.00000,0.01163,0.00000,0.01163,0.16279,0.00000,0.02326,0.06977,0.01163
0.07023,0.03344,0.02676,0.02341,0.20736,0.02341,0.00000,0.25418,0.00669,0.00334,0.02007,0.02341,0.01003,0.13378,0.05017,0.05686,0.05017,0.00669
0.16667,0.16667,0.03333,0.10000,0.03333,0.00000,0.00000,0.06667,0.00000,0.00000,0.00000,0.03333,0.00000,0.10000,0.13333,0.10000,0.06667,0.00000
0.12346,0.08025,0.01235,0.03086,0.12963,0.04321,0.00000,0.11728,0.00000,0.00000,0.09877,0.01235,0.01235,0.06790,0.09877,0.11111,0.04938,0.01235
0.11628,0.09302,0.02326,0.04651,0.16279,0.00000,0.02326,0.18605,0.00000,0.00000,0.00000,0.00000,0.00000,0.11628,0.13953,0.02326,0.06977,0.00000
0.17568,0.06757,0.01351,0.00000,0.06757,0.08108,0.00000,0.10811,0.00000,0.01351,0.05405,0.01351,0.02703,0.05405,0.10811,0.13514,0.06757,0.01351
0.13755,0.04089,0.01859,0.00743,0.11524,0.07807,0.00372,0.20074,0.00372,0.00743,0.00743,0.00743,0.02974,0.07435,0.07435,0.14498,0.04461,0.00372
0.07254,0.03627,0.05699,0.06218,0.10881,0.05699,0.00518,0.19171,0.00518,0.00518,0.01554,0.05181,0.02591,0.07772,0.07254,0.12953,0.02591,0.00000
0.15596,0.08257,0.01835,0.03670,0.11009,0.02752,0.00000,0.16514,0.00000,0.00000,0.02752,0.01835,0.00000,0.08257,0.08257,0.13761,0.05505,0.00000
0.02703,0.00000,0.02703,0.02703,0.05405,0.05405,0.02703,0.43243,0.00000,0.00000,0.00000,0.00000,0.02703,0.16216,0.02703,0.10811,0.02703,0.00000
0.13924,0.06329,0.01899,0.03797,0.12025,0.03165,0.00000,0.17722,0.00000,0.00633,0.03165,0.03165,0.01266,0.11392,0.04430,0.10759,0.04430,0.01899
0.17037,0.16296,0.00741,0.06667,0.04444,0.00000,0.00000,0.16296,0.01481,0.00000,0.01481,0.02963,0.00741,0.06667,0.13333,0.04444,0.06667,0.00741
0.16279,0.06977,0.00000,0.00000,0.06977,0.02326,0.00000,0.09302,0.00000,0.00000,0.18605,0.00000,0.06977,0.04651,0.06977,0.18605,0.02326,0.00000
0.15476,0.07440,0.01190,0.02381,0.12798,0.03274,0.00000,0.14583,0.00298,0.00893,0.01786,0.01488,0.01488,0.12500,0.05357,0.15476,0.02679,0.00893
0.04651,0.03488,0.00000,0.01163,0.05814,0.04651,0.00000,0.40698,0.00000,0.00000,0.01163,0.01163,0.03488,0.22093,0.02326,0.04651,0.04651,0.00000
0.18750,0.00000,0.00000,0.00000,0.06250,0.03125,0.00000,0.25000,0.00000,0.00000,0.00000,0.00000,0.00000,0.18750,0.00000,0.18750,0.09375,0.00000
0.14865,0.08108,0.00000,0.00000,0.08108,0.04054,0.00000,0.18919,0.00000,0.01351,0.04054,0.01351,0.01351,0.10811,0.08108,0.10811,0.06757,0.01351
0.21429,0.02381,0.00000,0.00000,0.04762,0.02381,0.00000,0.16667,0.00000,0.00000,0.04762,0.02381,0.11905,0.07143,0.02381,0.19048,0.04762,0.00000
0.17073,0.02439,0.00000,0.07317,0.17073,0.00000,0.00000,0.17073,0.02439,0.00000,0.02439,0.00000,0.02439,0.04878,0.00000,0.19512,0.07317,0.00000
0.02913,0.00971,0.02913,0.03883,0.18447,0.01942,0.00000,0.30097,0.00971,0.00000,0.00000,0.05825,0.00971,0.17476,0.04854,0.04854,0.03883,0.00000
0.12381,0.07143,0.00952,0.04762,0.09048,0.01905,0.00000,0.22381,0.00952,0.00476,0.01429,0.03333,0.01429,0.08095,0.06190,0.07619,0.09048,0.02857
0.06044,0.03846,0.00549,0.00000,0.28571,0.04396,0.01648,0.17033,0.00549,0.01648,0.08791,0.02198,0.02198,0.08791,0.04945,0.07143,0.01648,0.00000
0.15000,0.05000,0.01667,0.01667,0.10000,0.06667,0.00000,0.18333,0.00000,0.00000,0.01667,0.00000,0.01667,0.08333,0.05000,0.21667,0.03333,0.00000
0.04762,0.00000,0.00000,0.00000,0.00000,0.04762,0.00000,0.52381,0.00000,0.00000,0.00000,0.00000,0.04762,0.23810,0.00000,0.04762,0.04762,0.00000
0.16140,0.06667,0.02456,0.00351,0.12281,0.05965,0.00000,0.14035,0.00351,0.01404,0.01404,0.01404,0.02105,0.07018,0.08772,0.12281,0.05965,0.01404
0.14043,0.07234,0.02553,0.00851,0.12340,0.05106,0.00426,0.15319,0.00000,0.02128,0.02553,0.01277,0.04255,0.05532,0.07660,0.11489,0.05532,0.01702
0.02459,0.02049,0.00410,0.01639,0.15574,0.04918,0.01639,0.34426,0.00410,0.02049,0.01639,0.01639,0.04918,0.09016,0.03689,0.07787,0.04508,0.01230
0.09914,0.03879,0.00431,0.00862,0.10776,0.02155,0.00000,0.19828,0.00431,0.00000,0.09052,0.01293,0.01293,0.16379,0.04741,0.15517,0.03017,0.00431
0.07295,0.05471,0.00912,0.01824,0.13982,0.03343,0.00608,0.26140,0.00608,0.01216,0.00912,0.02432,0.03343,0.10942,0.03040,0.08511,0.07599,0.01824
0.12871,0.04950,0.00000,0.01980,0.09901,0.05941,0.01980,0.19802,0.00990,0.00990,0.04950,0.00000,0.01980,0.05941,0.07921,0.08911,0.10891,0.00000
0.00000,0.00000,0.00000,0.00000,0.20000,0.04000,0.00000,0.40000,0.00000,0.00000,0.00000,0.04000,0.04000,0.12000,0.00000,0.12000,0.04000,0.00000
0.08850,0.06195,0.01770,0.03540,0.15929,0.01770,0.00000,0.19469,0.00000,0.00000,0.03540,0.02655,0.00885,0.15044,0.03540,0.09735,0.07080,0.00000
0.20312,0.14062,0.04688,0.04688,0.06250,0.00000,0.00000,0.09375,0.01562,0.00000,0.01562,0.01562,0.01562,0.03125,0.12500,0.10938,0.07812,0.00000
0.11667,0.05500,0.03167,0.03667,0.13333,0.05500,0.00333,0.17833,0.00833,0.00833,0.04167,0.02667,0.02167,0.06500,0.07500,0.10833,0.03167,0.00333
0.05970,0.02985,0.01493,0.01493,0.11940,0.11940,0.00000,0.29851,0.00000,0.01493,0.00000,0.00000,0.01493,0.11940,0.02985,0.14925,0.01493,0.00000
